   1 ;            3.00
   2 ;            2.00
   3 ;            1.00
   4 ;            1.00
   5 ;            1.00
   6 ;            1.00
   7 ;            1.00
   8 ;            1.00
   9 ;            1.00
  10 ;            1.00
  11 ;            1.00
  12 ;            1.00
  13 ;            1.00
  14 ;            1.00
  15 ;            1.00
  16 ;            1.00
  17 ;            1.00
  18 ;            1.00
  19 ;            1.00
  20 ;            1.00
  21 ;            1.00
         8.00
         4.00
         4.00
         4.00
         4.00
 A area total da soma dos trapezios e:   7.65869467E+29
